BCH(7,4,3).h5 contains: 
Root attributes:
  backend: b'tensorflow'
  keras_version: b'2.4.0'
  layer_names: [b'reliability_Input' b'syndrom_Input' b'R_input' b'S_input' b'concat'
 b'hidden1' b'hidden2' b'hidden3' b'hidden4' b'hidden5' b'hidden6'
 b'output']
  R_input
    Attributes:
      weight_names: [b'R_input/kernel:0' b'R_input/bias:0']
    Dataset:
      R_input/bias:0: [ 0.11578812  0.1178679   0.01235551 -0.03393204  0.02819935  0.07162596
  0.12976907]
      R_input/kernel:0: [[-0.13075702 -0.95956415  0.0443815   0.39756268 -0.41205353  0.3909118
   0.4151789 ]
 [-0.31596646  0.23741846  0.4839855   0.6525395   0.17629287  0.625342
   0.07466952]
 [ 0.51742834  0.08859888  0.56010973 -0.2967657  -0.1275888   0.64093053
  -0.50974464]
 [ 0.45919046 -0.29912633 -0.2658625   0.00522513  0.05722545  0.30985498
   0.20889294]
 [ 0.54450387  0.12787351 -0.51106757  0.25882152  0.346343    0.3199269
   0.2965287 ]
 [-0.1610511   0.18223023  0.6288188  -0.68869984  0.20721637 -0.6046607
   0.74320954]
 [-0.03278817  0.00156934  0.300662    0.48572204  0.01807413 -0.27049896
  -0.31477427]]
  S_input
    Attributes:
      weight_names: [b'S_input/kernel:0' b'S_input/bias:0']
    Dataset:
      S_input/bias:0: [0.09562886 0.00480001 0.20415033]
      S_input/kernel:0: [[-0.43625447  0.5296615   1.214856  ]
 [ 0.9534361  -0.23669674 -0.65842354]
 [-0.37877277  1.184821   -0.17415991]]
  concat
    Attributes:
      weight_names: []
    Dataset:
  hidden1
    Attributes:
      weight_names: [b'hidden1/kernel:0' b'hidden1/bias:0']
    Dataset:
      hidden1/bias:0: [-0.11604601  0.04278146  0.13096306  0.07314977  0.0699508   0.04917058
 -0.05605777  0.04579137 -0.05844992 -0.03717586]
      hidden1/kernel:0: [[-0.02621767  0.09693778  0.1100468  -0.18528718 -0.05958512  0.28835052
  -0.42620063 -0.4250497  -0.5361999  -0.47957727]
 [-0.696735    0.33609903  0.6381038   0.37568548 -0.4440809   0.41015902
   0.76404655 -0.14531657 -0.44144875 -0.5826375 ]
 [ 0.11363368  0.22042221  0.04884504  0.53150207 -0.21047708  0.25339463
  -0.00808808 -0.16399021  0.07447213  0.19704235]
 [-0.00997203 -0.08268736  0.12291729 -0.04160022  0.17158619 -0.48055544
   0.3891523  -0.1714844  -0.2700407  -0.00269122]
 [-1.5877846   0.08826505  0.10313247  0.08473228 -1.2139037   0.19395433
   0.39452115  0.04888742 -0.07553186 -0.6738407 ]
 [-0.3759752   0.19163251  0.0017996   0.24853322  0.5393897   0.0016927
   0.09792504  0.25055462  0.21898137 -0.17950971]
 [ 0.00327811 -0.35184768  0.20147628  0.10711595  0.1074745   0.15759179
  -0.5061275   0.26718     0.31465068 -0.12179593]
 [-0.38871634  0.27361736  0.71478933  0.09682664 -0.6535004  -0.21580082
   0.12044392 -0.1543132   0.5775692   0.545271  ]
 [ 0.33500326  0.4302894  -0.8895286  -0.41353574 -0.17793636  0.0758604
   0.05389256  0.5926346   0.36264542 -0.09966291]
 [ 0.46860087 -0.41392386  0.12399495 -0.21781234  0.52841854  0.3274393
   0.7785009   0.12198577 -0.8806582  -0.49776927]]
  hidden2
    Attributes:
      weight_names: [b'hidden2/kernel:0' b'hidden2/bias:0']
    Dataset:
      hidden2/bias:0: [-0.04047894 -0.04881844  0.21300082  0.04576178  0.03764067 -0.0038015
 -0.01604916  0.02022726 -0.01552005  0.07393521]
      hidden2/kernel:0: [[ 1.25629857e-01 -7.45918155e-02  6.62145436e-01  9.69269425e-02
  -3.05757612e-01 -1.58634409e-01 -4.34684008e-01 -5.55872738e-01
  -9.23500508e-02 -2.72860378e-01]
 [-4.55759652e-03 -1.35877982e-01  3.82575125e-01  4.23684299e-01
   5.06071985e-01 -1.09491372e+00  1.97225049e-01  3.96398306e-01
   9.55489948e-02 -2.51016021e-01]
 [-1.97156563e-01  1.18938588e-01 -6.08891547e-01 -3.81124973e-01
   3.04813206e-01  6.29270852e-01 -1.20392835e+00  4.58750099e-01
   3.30205321e-01  7.87608564e-01]
 [ 8.86285454e-02  3.45397621e-01 -3.55325937e-01  5.16948104e-01
   3.59789014e-01 -4.20526194e-05 -9.80259404e-02 -3.97785187e-01
   4.32614312e-02  1.82313293e-01]
 [-4.51810241e-01  2.08064765e-01  1.88862458e-01 -5.27843952e-01
  -2.88200021e-01  3.46413344e-01  1.29728720e-01  2.90633857e-01
   5.26141286e-01  1.02359625e-02]
 [ 8.35332394e-01  3.78193080e-01  5.19707859e-01  7.76714385e-02
   7.88633619e-03  7.72484094e-02  7.04707950e-02 -1.15904234e-01
  -4.00244236e-01  2.39289835e-01]
 [ 4.00887966e-01  4.18293625e-01 -4.56421316e-01 -2.33337298e-01
   1.66409612e-01 -2.97731280e-01 -1.28775343e-01 -3.31437767e-01
   2.51014262e-01 -2.73308158e-01]
 [-2.15363935e-01 -4.80941743e-01 -2.34089583e-01  5.01331270e-01
  -1.54671714e-01 -3.20267022e-01  2.69489020e-01  1.60423025e-01
  -9.40637216e-02 -3.16313393e-02]
 [-1.89084575e-01  5.22055149e-01 -4.26804647e-02  1.45426929e-01
  -5.39732873e-01  3.42061222e-01 -6.06606007e-01 -6.99135303e-01
  -8.32459867e-01 -3.80252153e-01]
 [ 7.65550196e-01  3.42104256e-01 -6.36760592e-01 -1.36930436e-01
   3.04315001e-01 -1.12698328e+00  9.28581413e-03  2.22745046e-01
   4.05456156e-01 -2.66661406e-01]]
  hidden3
    Attributes:
      weight_names: [b'hidden3/kernel:0' b'hidden3/bias:0']
    Dataset:
      hidden3/bias:0: [ 0.08766697 -0.02454836  0.08846078  0.16514395  0.01020076 -0.09305339
  0.19630204  0.05887889 -0.08820512 -0.04201044]
      hidden3/kernel:0: [[-0.47112912  0.58278245  0.56408256  0.3947295   0.5584739   0.16714239
  -0.17471278  0.18880261 -0.08838774  0.3177247 ]
 [ 0.15647689  0.56306577  0.56665426 -0.24384825 -0.4144108   0.48954526
  -0.26996565 -0.44214725  0.20028833  0.44181016]
 [ 0.644518   -0.23898984  0.766039   -0.19341822 -0.00757456 -0.604582
   1.1279287   0.47847855 -0.04420892 -0.06219614]
 [-0.47832546  0.30836287  0.31177157 -0.05925657  0.51434755 -0.4449627
  -0.20307551 -0.50665545 -0.25312734  0.11980041]
 [ 0.25002268  0.2773772  -0.3574494   0.05244692 -0.41042483  0.28919318
   0.61248565 -0.18885027 -0.3735367   0.21925282]
 [-0.6089961  -0.477704   -0.19875623 -0.13003263 -0.25645337 -0.2073878
  -0.55296314  0.2293814   0.526963    0.8620295 ]
 [-0.03831406  0.21542874 -0.45232624  0.64739233  0.56500924 -0.3481169
   0.16831607 -0.6528348   0.25760853  0.15390274]
 [-0.036938    0.5974904   0.19970518  0.6000046  -0.26566887  0.17740232
   0.29595888  0.14122972 -0.10265358  0.12001411]
 [ 0.50053334 -0.15476482 -0.00986076  0.07886342  0.34296858  0.55894184
   0.3048526  -0.61245894  0.26617768 -0.58121395]
 [-0.38260034 -0.00149768  0.23157278  0.40837803  0.02412515  0.42128742
   0.63483834  0.28463253  0.3272603   0.44710922]]
  hidden4
    Attributes:
      weight_names: [b'hidden4/kernel:0' b'hidden4/bias:0']
    Dataset:
      hidden4/bias:0: [-0.02701273  0.0276282  -0.02735299  0.08365487 -0.01590639  0.16879317
 -0.01928708  0.08614706  0.01056536  0.0595822 ]
      hidden4/kernel:0: [[-0.2015897   0.46192092  0.63614213 -0.16182466  0.14941165  0.14421925
  -0.03860535  0.50616276  0.0067258  -0.23991156]
 [-0.48124677 -0.08177882  0.23470108  0.4151504  -0.12296444 -0.23856786
  -0.22731204  0.01747655  0.06304999 -0.5527124 ]
 [-0.05435139  0.29176873  0.24384049  0.66973203  0.05002567  0.6426032
   0.02506104 -0.35198718 -0.13956793  0.29216808]
 [ 0.23792346 -0.14014827  0.41485137  0.17746097  0.00885703 -0.43729198
  -0.22086503  0.7372114   0.07236578  0.10336528]
 [-0.01764478 -0.600094    0.06646691 -0.29048654 -0.13094541 -0.45461023
   0.09431648 -0.28011763 -0.4159762  -0.576258  ]
 [ 0.3857676   0.4848529   0.38415316 -0.11700663  0.23328307 -0.34980318
   0.21201706  0.2980487   0.53404874 -0.74216527]
 [ 0.08006009  0.47483894 -0.05353446  0.74692094 -0.1815807   0.29408634
  -0.38898623  0.5394365  -0.4053783   0.45042437]
 [ 0.67405087  0.60736865 -0.38139173  0.03549275  0.17804807  0.80628043
  -0.22124952 -1.0916754  -0.19816303  0.28474703]
 [-0.38701335 -0.14259253  0.14926077 -0.29946002  0.18980663  0.30121467
  -0.16537163  0.37712017  0.22693536  0.6004576 ]
 [ 0.24122573  0.2990591  -0.32880908 -0.17832768 -0.06909518  0.1571814
  -0.5054668  -0.4770576   0.18273517  0.38518196]]
  hidden5
    Attributes:
      weight_names: [b'hidden5/kernel:0' b'hidden5/bias:0']
    Dataset:
      hidden5/bias:0: [-0.01897462 -0.07923556  0.05552905 -0.03053863 -0.04490277 -0.03005234
  0.03236741  0.05695759  0.1642546   0.10377431]
      hidden5/kernel:0: [[ 0.14773771  0.07135485 -0.42284918  0.32722262  0.05852168  0.00907471
  -0.21232735 -0.6031115   0.94063896  0.04391876]
 [ 0.49116534 -0.10739556  0.41484687  0.10432275 -0.45049268  0.30874333
  -0.20353891  0.21006295  0.09519045  0.33212885]
 [ 0.44863513  0.02393994  0.5969629   0.4003931   0.56434226  0.42811137
   0.5891098   0.42929235 -0.22895132 -0.22802602]
 [ 0.05916455  0.01653746  0.32088953  0.11703283  0.38642824 -0.3146574
  -0.304661    0.48402026  0.58529    -0.53247434]
 [ 0.37597826  0.50237364  0.41752496  0.2136383   0.3589564   0.21732365
  -0.5109783  -0.09285117 -0.08226858 -0.4117971 ]
 [-0.9807233   0.5585246  -0.00396941 -0.45737264 -0.636839    0.51721394
  -0.11632434  0.55993915 -0.17105603  0.25083983]
 [ 0.21245356  0.44682318 -0.10480345 -0.01461673 -0.17479843 -0.47883952
  -0.2916524  -0.5444859  -0.05065101 -0.3724783 ]
 [-0.41482317 -0.0080777  -0.04237272  0.5008762  -0.63781375  0.45216286
   0.25880215  0.33885562 -0.2086735  -0.06160554]
 [ 0.21780027 -0.3466774   0.48045567 -0.12832421  0.25456753 -0.4812466
  -0.34541705 -0.17863184 -0.30839017  0.34631008]
 [ 0.52801245  0.8936134  -0.747139   -0.3612122   0.4809235   0.22887205
   0.6293802   0.35074854  0.17151283  0.37524188]]
  hidden6
    Attributes:
      weight_names: [b'hidden6/kernel:0' b'hidden6/bias:0']
    Dataset:
      hidden6/bias:0: [-0.02420691 -0.09751267 -0.06146088  0.1115585  -0.03142487  0.05264932
 -0.04533159  0.06939211 -0.08094892 -0.01172308]
      hidden6/kernel:0: [[ 0.18969837  0.17566389  0.43719614 -0.37170026  0.48191246 -0.6093706
  -0.31386968 -0.6352569   0.02944889 -0.02140766]
 [-0.18785581  0.66686773  0.56325567 -0.09969276 -0.14067696 -0.32065833
   0.12088206 -0.05358981 -0.00660409  0.01688871]
 [ 0.26063    -0.48569807 -0.38591698  0.46188417 -0.19117749 -0.05511409
   0.27289516 -0.5371349  -0.22608852 -0.5512591 ]
 [-0.16239786  0.5023861  -0.13909675 -0.21425015  0.02808129  0.57607216
   0.32769978  0.45941484  1.1238779  -0.54683864]
 [ 0.6852943   0.11815783  0.52266616 -0.02700411  0.43088707 -0.24519505
   0.07840047  0.66626084  1.4485741  -0.06471458]
 [-0.0342441   0.42691913 -0.09806089  0.42081723  0.18971477  0.4502972
   0.4609779   0.01957336 -0.37236485  0.28743622]
 [ 0.24141768 -0.58378845 -0.36609566 -0.26265138  0.51685363 -0.45971495
   0.33339676  0.60729486  0.2090319   0.17664576]
 [ 0.07905085  0.15017627 -0.3960568   0.49439365 -0.33381703  0.07066158
   0.01008241  0.45192966 -0.41691083 -0.16420555]
 [ 0.03851146  0.19985071 -0.86546963  0.31184748  0.4321414  -0.10941241
  -0.98301417  0.04255504  0.4539517  -0.22654738]
 [-0.34362903 -0.57661444  1.463737   -0.38536605  0.29642606 -0.30809546
  -0.29572192  1.2517833   0.19914939 -0.4282303 ]]
  output
    Attributes:
      weight_names: [b'output/kernel:0' b'output/bias:0']
    Dataset:
      output/bias:0: [-0.06674854  0.01707597  0.76849544  0.2559118   0.10684519 -0.02969151
  0.03303035]
      output/kernel:0: [[ 0.39820167  0.06942725 -0.81501603  0.53779453 -0.19121303 -0.3682141
  -0.06930979]
 [-0.19653028  1.28294    -0.6891508  -0.5485105  -0.39059758 -0.1146273
  -0.15266424]
 [-0.34393334 -1.0825665   1.3417025  -0.24944425 -0.00331469 -0.8549954
   0.8623924 ]
 [ 0.23701972 -0.24693112 -0.2567785   0.2674815   0.59926474 -0.01181619
   0.09040534]
 [-0.33379757 -0.39120176  0.9479389   0.29589427  0.15088119  0.2105811
  -0.7039478 ]
 [ 0.03363824 -0.91505724 -0.07290205  0.12896435 -0.4230995   2.4265022
  -0.48259693]
 [-0.74571836 -0.40910003 -0.18360572 -0.10154674  0.03868362  0.9201068
   0.1124421 ]
 [-0.14108409  0.61689633  0.5258895  -0.38050014 -0.6032678   0.09607119
   0.47701722]
 [ 1.5949415  -0.54744184  0.5465953  -0.8452428  -1.4554935   0.21517567
   0.04570733]
 [-0.14345956  0.42029044  0.01670337  0.3791002   0.08816618  0.46934077
  -0.28295028]]
  reliability_Input
    Attributes:
      weight_names: []
    Dataset:
  syndrom_Input
    Attributes:
      weight_names: []
    Dataset:
